[gd_scene load_steps=14 format=3 uid="uid://b51ftqa2kfff6"]

[ext_resource type="Script" uid="uid://dq10y5jeco3ay" path="res://systems/element_scene_structure/exposer_node_3d.gd" id="1_fslcw"]
[ext_resource type="Script" uid="uid://bgdocsgotim3u" path="res://elements/player/force_tumble_data.gd" id="4_dc500"]
[ext_resource type="PackedScene" uid="uid://bk3c6a8vre6yr" path="res://elements/neutral/props/generic_body_and_presseable.tscn" id="4_nnx3c"]
[ext_resource type="Script" uid="uid://0wf4obm88h88" path="res://elements/neutral/props/generic_tumbler.gd" id="5_lrfpf"]
[ext_resource type="Script" uid="uid://biqjvlcudqx0t" path="res://elements/player/force_receiver.gd" id="7_p7gru"]
[ext_resource type="PackedScene" uid="uid://cqu7ohn46rew1" path="res://elements/neutral/props/poles/mesh/mesh_pole_dark.tscn" id="8_fi0ve"]
[ext_resource type="Script" uid="uid://bebxjxq1gjo10" path="res://systems/element_scene_structure/exposable_node_3d_child_scene.gd" id="9_3tlqd"]
[ext_resource type="Script" uid="uid://cr5xxhd04vkgu" path="res://addons/gap/api/accessibility_high_contrast_object.gd" id="9_51cop"]
[ext_resource type="PackedScene" uid="uid://dsw7qeq5mn0jj" path="res://elements/neutral/props/poles/mesh/mesh_pole_dark_top.tscn" id="10_461jq"]

[sub_resource type="CapsuleShape3D" id="CapsuleShape3D_254t6"]
radius = 0.189506
height = 5.81893

[sub_resource type="CapsuleShape3D" id="CapsuleShape3D_eyp5g"]
radius = 0.137389
height = 2.95986

[sub_resource type="CapsuleShape3D" id="CapsuleShape3D_d2fhi"]
radius = 0.137389
height = 5.0

[sub_resource type="Resource" id="Resource_0ang0"]
script = ExtResource("4_dc500")
force_response_multiplier = 10.0
return_force_multiplier = 80.0
mass = 10.0
scaled_mass = true
min_velocity = 2.0
min_force_to_min_velocity = 4.5
velocity_dissipation = 4.0
tumble_sensitivity = 0.8
vibration_max_value_amplitude = 0.5
vibration_frequency = 32.0
vibration_increase = 4.0
vibration_decrease = 32.0
force_min_to_increase_vibration = 0.5
add_tumble_hit_multiplier = 1.0
add_tumble_hit_velocity_multiplier = 1.0
add_vibration_influence_on_hit = 0.8

[node name="Pole Double Side" type="Node3D"]
script = ExtResource("1_fslcw")
"GenericTumbler First/Parent/Mesh Pole Dark/Slot - Pole Center*scene" = null
"GenericTumbler First/Parent/Mesh Pole Dark/Slot - Pole Top*scene" = null
"GenericTumbler First/Parent/Mesh Pole Dark2/Slot - Pole Center*scene" = null
"GenericTumbler First/Parent/Mesh Pole Dark2/Slot - Pole Top*scene" = null
"GenericTumbler First/Parent/Mesh Pole Dark Over/L Slot - Over 2*scene" = null
"GenericTumbler First/Parent/Mesh Pole Dark Over/L Slot - Over 3*scene" = null
"GenericTumbler First/Parent/Mesh Pole Dark Over2/R Slot - Over 2*scene" = null
"GenericTumbler First/Parent/Mesh Pole Dark Over2/R Slot - Over 3*scene" = null

[node name="GenericBodyAndPresseable" parent="." node_paths=PackedStringArray("on_kill_queue_free", "visual_feedback_of_health") instance=ExtResource("4_nnx3c")]
on_kill_queue_free = [NodePath("..")]
visual_feedback_of_health = [NodePath("../GenericTumbler First/Parent")]

[node name="CollisionShape3D2" type="CollisionShape3D" parent="GenericBodyAndPresseable"]
transform = Transform3D(1, 0, 0, 0, 1, 0, 0, 0, 1, -5, 2.433, 0)
shape = SubResource("CapsuleShape3D_254t6")

[node name="CollisionShape3D3" type="CollisionShape3D" parent="GenericBodyAndPresseable"]
transform = Transform3D(1, 0, 0, 0, 1, 0, 0, 0, 1, 5, 2.433, 0)
shape = SubResource("CapsuleShape3D_254t6")

[node name="CollisionShape3D" type="CollisionShape3D" parent="GenericBodyAndPresseable"]
transform = Transform3D(0.564348, 0.825537, 0, -0.825537, 0.564348, 0, 0, 0, 1, -3.72852, 5.86578, 0)
shape = SubResource("CapsuleShape3D_eyp5g")

[node name="CollisionShape3D4" type="CollisionShape3D" parent="GenericBodyAndPresseable"]
transform = Transform3D(-0.564348, -0.825537, 8.74228e-08, -0.825537, 0.564348, 0, -4.93369e-08, -7.21707e-08, -1, 3.65784, 5.86578, 1.04311e-07)
shape = SubResource("CapsuleShape3D_eyp5g")

[node name="CollisionShape3D5" type="CollisionShape3D" parent="GenericBodyAndPresseable"]
transform = Transform3D(0.00816804, -0.999967, 8.74228e-08, -0.999967, -0.00816804, 0, 7.14073e-10, -8.74199e-08, -1, 0, 6.637, 0)
shape = SubResource("CapsuleShape3D_d2fhi")

[node name="ExplosionNode3" type="Node3D" parent="GenericBodyAndPresseable"]
transform = Transform3D(1, 0, 0, 0, 1, 0, 0, 0, 1, 0, 2, 0)

[node name="VisibleOnScreenEnabler3D" type="VisibleOnScreenEnabler3D" parent="GenericBodyAndPresseable"]
transform = Transform3D(1, 0, 0, 0, 1, 0, 0, 0, 1, 0, 2.59001, 0)
aabb = AABB(-6, -2.82354, -0.485289, 12, 8.0526, 0.970577)
enable_node_path = NodePath("../..")

[node name="ExplosionNode5" type="Node3D" parent="GenericBodyAndPresseable"]
transform = Transform3D(1, 0, 0, 0, 1, 0, 0, 0, 1, -5, 4.95828, 0)

[node name="ExplosionNode6" type="Node3D" parent="GenericBodyAndPresseable"]
transform = Transform3D(1, 0, 0, 0, 1, 0, 0, 0, 1, -3.85698, 5.81643, 0)

[node name="ExplosionNode8" type="Node3D" parent="GenericBodyAndPresseable"]
transform = Transform3D(1, 0, 0, 0, 1, 0, 0, 0, 1, -1.54814, 6.63372, 0)

[node name="ExplosionNode9" type="Node3D" parent="GenericBodyAndPresseable"]
transform = Transform3D(1, 0, 0, 0, 1, 0, 0, 0, 1, -0.40394, 6.63372, 0)

[node name="ExplosionNode10" type="Node3D" parent="GenericBodyAndPresseable"]
transform = Transform3D(-1, 0, 8.74228e-08, 0, 1, 0, -8.74228e-08, 0, -1, 5.09944, 4.95828, 2.01048e-07)

[node name="ExplosionNode11" type="Node3D" parent="GenericBodyAndPresseable"]
transform = Transform3D(-1, 0, 8.74228e-08, 0, 1, 0, -8.74228e-08, 0, -1, 3.95642, 5.81643, 1.01122e-07)

[node name="ExplosionNode13" type="Node3D" parent="GenericBodyAndPresseable"]
transform = Transform3D(-1, 0, 8.74228e-08, 0, 1, 0, -8.74228e-08, 0, -1, 1.64758, 6.63372, -1.00723e-07)

[node name="ExplosionNode14" type="Node3D" parent="GenericBodyAndPresseable"]
transform = Transform3D(-1, 0, 8.74228e-08, 0, 1, 0, -8.74228e-08, 0, -1, 0.50338, 6.63372, -2.00752e-07)

[node name="GenericTumbler First" type="Node3D" parent="." node_paths=PackedStringArray("receiver", "to_tumble", "tumble_box_corner")]
script = ExtResource("5_lrfpf")
receiver = NodePath("ForceReceiver")
to_tumble = NodePath(".")
tumble_data = SubResource("Resource_0ang0")
tumble_radius = 0.16
tumble_box_corner = NodePath("Tumble Corner")

[node name="Tumble Corner" type="Node3D" parent="GenericTumbler First"]
transform = Transform3D(1, 0, 0, 0, 1, 0, 0, 0, 1, 5.3, 0, 0.3)

[node name="ForceReceiver" type="Node3D" parent="GenericTumbler First"]
transform = Transform3D(1, 0, 0, 0, 1, 0, 0, 0, 1, 0, 1, 0)
script = ExtResource("7_p7gru")

[node name="Parent" type="Node3D" parent="GenericTumbler First"]
transform = Transform3D(1, 0, 0, 0, 1, 0, 0, 0, 1, -5, 0, 0)

[node name="Mesh Pole Dark" parent="GenericTumbler First/Parent" instance=ExtResource("8_fi0ve")]

[node name="Slot - Pole Center" type="Node3D" parent="GenericTumbler First/Parent/Mesh Pole Dark"]
transform = Transform3D(0.949393, 0, 0.314092, 0, 1, 0, -0.314092, 0, 0.949393, 0, 3.41668, 0)
script = ExtResource("9_3tlqd")

[node name="Slot - Pole Top" type="Node3D" parent="GenericTumbler First/Parent/Mesh Pole Dark"]
transform = Transform3D(0.949393, 0, 0.314092, 0, 1, 0, -0.314092, 0, 0.949393, 0.0909314, 4.62274, 0.272944)
script = ExtResource("9_3tlqd")

[node name="Mesh Pole Dark2" parent="GenericTumbler First/Parent" instance=ExtResource("8_fi0ve")]
transform = Transform3D(1, 0, 0, 0, 1, 0, 0, 0, 1, 10, 0, 0)

[node name="Slot - Pole Center" type="Node3D" parent="GenericTumbler First/Parent/Mesh Pole Dark2"]
transform = Transform3D(0.949393, 0, 0.314092, 0, 1, 0, -0.314092, 0, 0.949393, 0, 3.41668, 0)
script = ExtResource("9_3tlqd")

[node name="Slot - Pole Top" type="Node3D" parent="GenericTumbler First/Parent/Mesh Pole Dark2"]
transform = Transform3D(0.949393, 0, 0.314092, 0, 1, 0, -0.314092, 0, 0.949393, 0.0909314, 4.62274, 0.272944)
script = ExtResource("9_3tlqd")

[node name="Mesh Pole Dark Over" parent="GenericTumbler First/Parent" instance=ExtResource("10_461jq")]
transform = Transform3D(1, 0, 0, 0, 1, 0, 0, 0, 1, 0, 5, 0)

[node name="L Slot - Over 2" type="Node3D" parent="GenericTumbler First/Parent/Mesh Pole Dark Over"]
transform = Transform3D(1, 0, 0, 0, 0.970296, 0.241922, 0, -0.241922, 0.970296, 2.86091, 1.63009, 0)
script = ExtResource("9_3tlqd")

[node name="L Slot - Over 3" type="Node3D" parent="GenericTumbler First/Parent/Mesh Pole Dark Over"]
transform = Transform3D(1, 0, 0, 0, 0.996942, -0.0781459, 0, 0.0781459, 0.996942, 1.18855, 0.828543, 0)
script = ExtResource("9_3tlqd")

[node name="Mesh Pole Dark Over2" parent="GenericTumbler First/Parent" instance=ExtResource("10_461jq")]
transform = Transform3D(-1, 0, 8.74228e-08, 0, 1, 0, -8.74228e-08, 0, -1, 10, 5, 0)

[node name="R Slot - Over 2" type="Node3D" parent="GenericTumbler First/Parent/Mesh Pole Dark Over2"]
transform = Transform3D(-0.994089, 0.105347, 0.0262658, 0.108572, 0.96456, 0.240492, 9.0197e-08, 0.241922, -0.970296, 2.86091, 1.63009, 0)
script = ExtResource("9_3tlqd")

[node name="R Slot - Over 3" type="Node3D" parent="GenericTumbler First/Parent/Mesh Pole Dark Over2"]
transform = Transform3D(-1, -6.85911e-09, -8.71533e-08, 0, 0.996917, -0.0784591, 8.74228e-08, -0.0784591, -0.996917, 1.18855, 0.828543, 0)
script = ExtResource("9_3tlqd")

[node name="AccessibilityHighContrastObject" type="Node" parent="GenericTumbler First/Parent"]
script = ExtResource("9_51cop")
high_contrast_group = &"scenery"
metadata/_custom_type_script = "uid://cr5xxhd04vkgu"
