[gd_scene load_steps=7 format=3 uid="uid://cndemg0b6nerc"]

[ext_resource type="Script" uid="uid://deq066lsjb36v" path="res://elements/player/weapons/player_weapon_hold.gd" id="1_sv5b6"]
[ext_resource type="Script" uid="uid://dra7nitmq3ukf" path="res://elements/player/weapons/player_weapon_level_instantiate.gd" id="2_kjk10"]
[ext_resource type="Texture2D" uid="uid://b3s6bubwjtovt" path="res://elements/icons/icon_hold_yellow.png" id="2_vo2k4"]
[ext_resource type="Curve" uid="uid://ernxmpp76nsa" path="res://elements/player/player_hold_basic_curve_interval_per_upgrade.tres" id="2_wfjy1"]
[ext_resource type="PackedScene" uid="uid://dpif7olg38ju8" path="res://elements/player/projectiles/hold_yellow/proj_hold_yellow.tscn" id="3_empkn"]
[ext_resource type="PackedScene" uid="uid://bemlfo6vma1bt" path="res://elements/player/projectiles/hold_yellow/proj_hold_yellow_bounce.tscn" id="5_nsh15"]

[node name="Weapon_Yellow Hold" type="Node"]
script = ExtResource("1_sv5b6")
hold_interval_multiplier_per_fire_rate_level = ExtResource("2_wfjy1")
icon = ExtResource("2_vo2k4")
title = "powerup_hold_yellow_title"
id = 1
color = Color(0.705882, 0.647059, 0.235294, 1)
color_highlight = Color(0.976471, 0.956863, 0.666667, 1)

[node name="Level1" type="Node3D" parent="."]
script = ExtResource("2_kjk10")
projectile = ExtResource("3_empkn")
delayBetweenProjectilesContainsName = "_time"
custom_delay_between_projectiles = 0.06
holdInterval = 0.229

[node name="Marker3D" type="Marker3D" parent="Level1"]
transform = Transform3D(0.990268, 0, -0.139173, 0, 1, 0, 0.139173, 0, 0.990268, 0, 0, 0)

[node name="Marker3D2" type="Marker3D" parent="Level1"]
transform = Transform3D(0.990268, 0, 0.139173, 0, 1, 0, -0.139173, 0, 0.990268, 0, 0, 0)

[node name="Level2" type="Node3D" parent="."]
script = ExtResource("2_kjk10")
projectile = ExtResource("3_empkn")
delayBetweenProjectilesContainsName = "_time"
custom_delay_between_projectiles = 0.06
holdInterval = 0.366

[node name="Marker3D" type="Marker3D" parent="Level2"]
transform = Transform3D(0.990268, 0, -0.139173, 0, 1, 0, 0.139173, 0, 0.990268, 0, 0, 0)

[node name="Marker3D2" type="Marker3D" parent="Level2"]
transform = Transform3D(0.990268, 0, 0.139173, 0, 1, 0, -0.139173, 0, 0.990268, 0, 0, 0)

[node name="Marker3D3_time" type="Marker3D" parent="Level2"]
transform = Transform3D(0.990268, 0, -0.139173, 0, 1, 0, 0.139173, 0, 0.990268, -0.25, 0, 0)

[node name="Marker3D4" type="Marker3D" parent="Level2"]
transform = Transform3D(0.990268, 0, 0.139173, 0, 1, 0, -0.139173, 0, 0.990268, 0.25, 0, 0)

[node name="Level3" type="Node3D" parent="."]
script = ExtResource("2_kjk10")
projectile = ExtResource("3_empkn")
delayBetweenProjectilesContainsName = "_time"
custom_delay_between_projectiles = 0.06
holdInterval = 0.457

[node name="Marker3D" type="Marker3D" parent="Level3"]
transform = Transform3D(0.990268, 0, -0.139173, 0, 1, 0, 0.139173, 0, 0.990268, 0, 0, 0)

[node name="Marker3D2" type="Marker3D" parent="Level3"]
transform = Transform3D(0.990268, 0, 0.139173, 0, 1, 0, -0.139173, 0, 0.990268, 0, 0, 0)

[node name="Marker3D3_time" type="Marker3D" parent="Level3"]
transform = Transform3D(0.990268, 0, -0.139173, 0, 1, 0, 0.139173, 0, 0.990268, -0.25, 0, 0)

[node name="Marker3D4" type="Marker3D" parent="Level3"]
transform = Transform3D(0.990268, 0, 0.139173, 0, 1, 0, -0.139173, 0, 0.990268, 0.25, 0, 0)

[node name="Marker3D5_time" type="Marker3D" parent="Level3"]
transform = Transform3D(0.990268, 0, -0.139173, 0, 1, 0, 0.139173, 0, 0.990268, -0.5, 0, 0)

[node name="Marker3D6" type="Marker3D" parent="Level3"]
transform = Transform3D(0.990268, 0, 0.139173, 0, 1, 0, -0.139173, 0, 0.990268, 0.5, 0, 0)

[node name="Level4" type="Node3D" parent="."]
script = ExtResource("2_kjk10")
projectile = ExtResource("5_nsh15")
delayBetweenProjectilesContainsName = "_time"
custom_delay_between_projectiles = 0.06
holdInterval = 0.229

[node name="Marker3D" type="Marker3D" parent="Level4"]
transform = Transform3D(0.990268, 0, -0.139173, 0, 1, 0, 0.139173, 0, 0.990268, 0, 0, 0)

[node name="Marker3D2" type="Marker3D" parent="Level4"]
transform = Transform3D(0.990268, 0, 0.139173, 0, 1, 0, -0.139173, 0, 0.990268, 0, 0, 0)

[node name="Level5" type="Node3D" parent="."]
script = ExtResource("2_kjk10")
projectile = ExtResource("5_nsh15")
delayBetweenProjectilesContainsName = "_time"
custom_delay_between_projectiles = 0.06
holdInterval = 0.4

[node name="Marker3D" type="Marker3D" parent="Level5"]
transform = Transform3D(0.990268, 0, -0.139173, 0, 1, 0, 0.139173, 0, 0.990268, 0, 0, 0)

[node name="Marker3D2" type="Marker3D" parent="Level5"]
transform = Transform3D(0.990268, 0, 0.139173, 0, 1, 0, -0.139173, 0, 0.990268, 0, 0, 0)

[node name="Marker3D3_time" type="Marker3D" parent="Level5"]
transform = Transform3D(0.990268, 0, -0.139173, 0, 1, 0, 0.139173, 0, 0.990268, -0.25, 0, 0)

[node name="Marker3D4" type="Marker3D" parent="Level5"]
transform = Transform3D(0.990268, 0, 0.139173, 0, 1, 0, -0.139173, 0, 0.990268, 0.25, 0, 0)

[node name="LevelFinal" type="Node3D" parent="."]
script = ExtResource("2_kjk10")
projectile = ExtResource("5_nsh15")
delayBetweenProjectilesContainsName = "_time"
custom_delay_between_projectiles = 0.06
holdInterval = 0.533

[node name="Marker3D3" type="Marker3D" parent="LevelFinal"]
transform = Transform3D(0.990268, 0, -0.139173, 0, 1, 0, 0.139173, 0, 0.990268, -0.25, 0, 0)

[node name="Marker3D4" type="Marker3D" parent="LevelFinal"]
transform = Transform3D(0.990268, 0, 0.139173, 0, 1, 0, -0.139173, 0, 0.990268, 0.25, 0, 0)

[node name="Marker3D_time" type="Marker3D" parent="LevelFinal"]
transform = Transform3D(0.990268, 0, -0.139173, 0, 1, 0, 0.139173, 0, 0.990268, 2.98023e-08, 0, 0)

[node name="Marker3D2" type="Marker3D" parent="LevelFinal"]
transform = Transform3D(0.990268, 0, 0.139173, 0, 1, 0, -0.139173, 0, 0.990268, 0, 0, 0)

[node name="Marker3D5_time" type="Marker3D" parent="LevelFinal"]
transform = Transform3D(0.990268, 0, -0.139173, 0, 1, 0, 0.139173, 0, 0.990268, -0.5, 0, 0)

[node name="Marker3D6" type="Marker3D" parent="LevelFinal"]
transform = Transform3D(0.990268, 0, 0.139173, 0, 1, 0, -0.139173, 0, 0.990268, 0.5, 0, 0)
